>> x = load('/Users/zhugehuiming/Downloads/测试窗口大小v1.1/2009-09-17origin.csv')

x =

   0.025721000000000   0.018807730000000   0.014432300000000   0.019984260000000
  -0.000071900000000  -0.013535000000000  -0.011592700000000  -0.011277300000000
   0.012687690000000   0.002804720000000   0.004284690000000   0.002306750000000
   0.018312520000000   0.016921430000000   0.023594590000000   0.012282980000000
   0.019203380000000   0.023503510000000   0.017449270000000   0.021949700000000
  -0.010718900000000  -0.010066400000000  -0.013386900000000  -0.007283100000000
   0.008652490000000   0.007521380000000   0.010336100000000   0.005370340000000
   0.020455690000000   0.021278280000000   0.024441350000000   0.016987120000000
   0.021702150000000   0.008758660000000   0.009999600000000   0.006794700000000
   0.013099470000000   0.008216590000000   0.010088320000000   0.005814310000000
   0.046033220000000   0.054205760000000   0.060091240000000   0.046789190000000
   0.001949740000000   0.016472230000000   0.011677050000000   0.011577010000000
  -0.003260500000000   0.004733910000000   0.002753860000000   0.005968470000000
  -0.067510400000000  -0.073713200000000  -0.078550300000000  -0.069827400000000
  -0.027040800000000  -0.035315200000000  -0.038351700000000  -0.029521200000000
   0.008627150000000  -0.005084800000000  -0.008143900000000  -0.007169500000000
   0.029496940000000   0.019917180000000   0.025915180000000   0.017609320000000
  -0.016325000000000  -0.037790200000000  -0.032626200000000  -0.026275700000000
   0.024872540000000   0.008076870000000   0.015335860000000   0.010970520000000
   0.025099280000000   0.018661510000000   0.020703050000000   0.016753480000000
   0.036475910000000   0.042162710000000   0.038364550000000   0.044239780000000
  -0.042731400000000  -0.050902000000000  -0.049034300000000  -0.043999300000000
   0.017208570000000   0.010050370000000   0.008915640000000   0.013923920000000
  -0.072222200000000  -0.062996500000000  -0.068790000000000  -0.059616100000000
  -0.039054100000000  -0.028404600000000  -0.023963800000000  -0.030253500000000
  -0.000691700000000   0.012699380000000   0.016637800000000   0.008904190000000
  -0.049440800000000  -0.045732700000000  -0.042406400000000  -0.047680100000000
   0.007551780000000   0.003334780000000   0.012520670000000   0.004595920000000
   0.008801670000000  -0.002974800000000  -0.000124100000000  -0.003357700000000
  -0.033188500000000  -0.029932100000000  -0.039346700000000  -0.028909300000000
  -0.005459800000000  -0.021021700000000  -0.021040500000000  -0.021274700000000
   0.008875490000000  -0.012136900000000  -0.008784500000000  -0.012446600000000
   0.013347190000000  -0.000108300000000   0.003426330000000   0.002552630000000
   0.016855610000000   0.013936000000000   0.013533480000000   0.014700650000000
   0.026372100000000   0.027086480000000   0.029559830000000   0.026881660000000
   0.012054280000000   0.021217670000000   0.015331050000000   0.016736910000000
  -0.061170200000000  -0.053964700000000  -0.056956200000000  -0.051299900000000
   0.023031290000000   0.003250910000000   0.006762880000000   0.000919460000000
   0.018493200000000   0.020529140000000   0.015522150000000   0.018394100000000
  -0.010840500000000   0.004259840000000   0.000744450000000   0.013165210000000
   0.003868590000000   0.012412530000000   0.012535300000000   0.009621050000000
   0.013069710000000   0.018775520000000   0.013267980000000   0.025627260000000
  -0.030480600000000  -0.014385400000000  -0.015363400000000  -0.016577200000000
   0.022266730000000   0.020057120000000   0.018802520000000   0.023908240000000
   0.001880990000000   0.005289820000000   0.003820880000000   0.001882800000000
  -0.006095500000000   0.002267480000000   0.000201060000000  -0.001509700000000
  -0.000087100000000   0.011099620000000   0.006766340000000   0.013701500000000
   0.016750490000000   0.027508570000000   0.025770570000000   0.020753360000000
   0.007350730000000  -0.011036700000000  -0.003584300000000  -0.010774200000000
  -0.000171900000000   0.000591650000000   0.005371710000000  -0.002921300000000
   0.023088070000000   0.013048880000000   0.011888770000000   0.013627320000000
   0.007575240000000   0.003520230000000   0.010151780000000  -0.002813500000000
   0.003843020000000  -0.010203700000000  -0.010259900000000  -0.011335600000000
  -0.001289400000000   0.014208170000000   0.018679490000000   0.011685230000000
  -0.000741800000000   0.013550400000000   0.023779560000000   0.009146830000000
   0.011740270000000   0.013637700000000   0.010241290000000   0.017171340000000
   0.007863640000000   0.022307570000000   0.024099880000000   0.016352240000000
  -0.001557100000000  -0.004254400000000  -0.003357500000000  -0.005375200000000
   0.000691230000000   0.016343680000000   0.016712030000000   0.015956920000000
  -0.000691200000000   0.003361970000000   0.002393960000000   0.001079740000000
   0.000604230000000  -0.000900800000000   0.000372460000000   0.000940600000000
   0.013866680000000   0.011871920000000   0.022747380000000   0.010180660000000
  -0.006342800000000   0.000434610000000  -0.005829800000000  -0.001243700000000
  -0.002913800000000   0.000830820000000  -0.004598600000000   0.005473640000000
  -0.008526500000000   0.007354900000000   0.008096880000000   0.009273940000000
   0.008963620000000   0.015438620000000   0.010016250000000   0.015459290000000
   0.009279230000000   0.016534730000000   0.022282580000000   0.012208940000000
   0.001685210000000  -0.001677000000000   0.002618920000000  -0.004862000000000
   0.019426750000000   0.020400950000000   0.022997210000000   0.016551050000000
  -0.020833200000000  -0.018862400000000  -0.016564600000000  -0.019332600000000
  -0.003987800000000  -0.009399800000000  -0.011229300000000  -0.006744400000000
   0.011784320000000   0.009761160000000   0.007481190000000   0.010121180000000
   0.011278220000000   0.004088660000000   0.012021590000000   0.007037170000000
  -0.011313300000000   0.003114920000000  -0.005203300000000   0.005233400000000
  -0.001974000000000  -0.004900700000000  -0.006225000000000  -0.004836000000000
  -0.002518000000000   0.004873470000000   0.001996640000000  -0.004093200000000
   0.002468960000000   0.025598820000000   0.021511790000000   0.019732090000000
   0.002500830000000   0.002362220000000   0.006025180000000   0.001109160000000
   0.014068230000000   0.035115430000000   0.028560620000000   0.033005060000000
  -0.000520100000000   0.014581960000000   0.010483360000000   0.016987830000000
   0.002688940000000  -0.012045900000000  -0.015824600000000  -0.008244600000000
   0.005919200000000   0.004383450000000   0.010815320000000   0.004766110000000
  -0.003943700000000  -0.003398500000000  -0.003590400000000  -0.004999800000000
  -0.018449100000000  -0.022600800000000  -0.025421800000000  -0.015503800000000
   0.000965280000000  -0.009626900000000  -0.005311300000000  -0.009485600000000
   0.005358770000000   0.010444910000000   0.010639300000000   0.008969070000000
   0.003162900000000   0.005154570000000   0.003964590000000   0.002838790000000
   0.009976500000000   0.001259680000000   0.002054040000000   0.002032110000000
  -0.001770200000000  -0.007637500000000  -0.004109700000000  -0.009005200000000
   0.014484600000000   0.009085180000000   0.011255630000000   0.017266810000000
   0.020429660000000   0.022939480000000   0.030964260000000   0.014783110000000
  -0.037111900000000  -0.023176100000000  -0.031348300000000  -0.017636000000000
  -0.011452600000000   0.007969370000000   0.007305370000000   0.010798290000000
  -0.005054200000000   0.000759210000000  -0.003961900000000   0.001899820000000
   0.023387190000000   0.013827630000000   0.020029650000000   0.009760030000000
   0.006694210000000   0.004671680000000   0.004851000000000   0.002898240000000
   0.028734140000000   0.034242080000000   0.040944400000000   0.032693860000000
   0.012068860000000   0.006717310000000   0.012635100000000   0.003793150000000
   0.020722780000000   0.033899300000000   0.030175090000000   0.027416530000000
   0.002811370000000   0.002082750000000   0.002428170000000  -0.001626900000000
  -0.037786500000000  -0.023437100000000  -0.025329900000000  -0.017816900000000
   0.003591300000000  -0.008001700000000  -0.004886500000000  -0.006253400000000
   0.005988480000000   0.006684950000000   0.012010940000000   0.001055770000000
  -0.047824400000000  -0.037767400000000  -0.041490400000000  -0.029811000000000
  -0.000052400000000  -0.011974600000000  -0.015718700000000  -0.008493600000000
   0.027817890000000   0.021268500000000   0.022049340000000   0.021149090000000
  -0.015360000000000  -0.013646300000000  -0.013612500000000  -0.011984900000000
  -0.000306400000000   0.000044700000000  -0.001360400000000  -0.000761300000000
   0.004876550000000   0.003773410000000   0.004782830000000   0.003507640000000
   0.015598330000000   0.007631210000000   0.014401350000000   0.005348290000000
   0.022052320000000   0.023226260000000   0.020584000000000   0.028025630000000
   0.036847040000000   0.030456860000000   0.034301830000000   0.026680080000000
   0.013797710000000   0.015337440000000   0.014875930000000   0.013745990000000
  -0.029427600000000  -0.038610100000000  -0.036993100000000  -0.038357800000000
   0.005518830000000   0.002506100000000  -0.001342200000000   0.007985290000000
  -0.003498900000000  -0.002292600000000  -0.006067200000000  -0.002274500000000
   0.017112290000000   0.010998000000000   0.015702830000000   0.007146270000000
   0.018231770000000   0.015993190000000   0.019193490000000   0.014561360000000
   0.010812110000000   0.009334480000000   0.007995630000000   0.006412700000000
  -0.001479800000000  -0.005795200000000  -0.009353000000000  -0.006930900000000
   0.008297900000000   0.007688760000000   0.001143620000000   0.005379920000000
   0.019975480000000   0.032151130000000   0.025663020000000   0.030148890000000
  -0.019828800000000  -0.020791500000000  -0.022426400000000  -0.020242700000000
   0.007188700000000   0.005062180000000   0.007745300000000   0.005549020000000
   0.018417080000000   0.024718850000000   0.027177450000000   0.019273070000000
  -0.001820900000000  -0.001142300000000   0.002899830000000   0.006743160000000
   0.019388800000000   0.021170580000000   0.018318170000000   0.018724280000000
   0.011900130000000   0.004403830000000   0.009028390000000   0.002431310000000
   0.034962170000000   0.035406780000000   0.044751250000000   0.029757760000000
   0.010289100000000   0.016276390000000   0.018486630000000   0.011414980000000
   0.001204920000000  -0.004650400000000  -0.007308400000000  -0.002360000000000
  -0.000739300000000  -0.002110000000000  -0.001007900000000  -0.002410500000000
  -0.010053000000000  -0.009145700000000  -0.013029400000000  -0.009093500000000
   0.017422740000000   0.017217320000000   0.012363480000000   0.018619670000000
  -0.039205600000000  -0.037450600000000  -0.037430500000000  -0.034448700000000
  -0.001573200000000  -0.007988700000000   0.000922860000000  -0.012718500000000
   0.000185980000000   0.008614300000000   0.001771710000000   0.010395660000000
   0.055764580000000   0.064621670000000   0.066853960000000   0.059358710000000
   0.002316540000000  -0.010457900000000  -0.008681500000000  -0.010574200000000
   0.018354730000000   0.011233150000000   0.020103550000000   0.005076270000000
  -0.029634500000000  -0.022953500000000  -0.022057100000000  -0.018268400000000
  -0.061594400000000  -0.050766900000000  -0.057915400000000  -0.039433700000000
  -0.005710700000000   0.001042100000000  -0.019389400000000   0.002686500000000
  -0.045519900000000  -0.046112800000000  -0.037910700000000  -0.046666200000000
   0.025472820000000   0.027830520000000   0.035444400000000   0.019399550000000
   0.029010270000000   0.019777800000000   0.025229630000000   0.015305710000000
   0.019804870000000   0.009868360000000   0.016002890000000   0.007784600000000
  -0.039132100000000  -0.046971500000000  -0.045661300000000  -0.048396600000000
  -0.029746500000000  -0.031754900000000  -0.035969100000000  -0.029712300000000
   0.006528460000000   0.025994400000000   0.016355730000000   0.029130460000000
   0.031662020000000   0.034229750000000   0.036581640000000   0.031826680000000
   0.008263760000000  -0.005506000000000   0.003563340000000  -0.005646600000000
   0.001112370000000   0.001880680000000   0.002857180000000  -0.001917800000000
   0.018289540000000   0.013016490000000   0.021754330000000   0.018018830000000
   0.035989660000000   0.026199410000000   0.039828490000000   0.019733050000000
   0.039341130000000   0.039341940000000   0.047222790000000   0.038899480000000
  -0.021098500000000  -0.007152500000000  -0.008624000000000  -0.004627000000000
   0.016701270000000   0.026900190000000   0.028653540000000   0.022521920000000
   0.019444220000000   0.024893450000000   0.024914170000000   0.024128920000000
   0.021893420000000   0.011922660000000   0.010263260000000   0.010503950000000
  -0.006317800000000  -0.005822600000000  -0.005067500000000  -0.007152900000000
   0.013073830000000   0.011234030000000   0.011421000000000   0.009990130000000
  -0.020822700000000  -0.001719800000000  -0.007104400000000  -0.004568800000000
   0.011292190000000   0.006300700000000   0.005415960000000   0.003737970000000
  -0.001091300000000   0.011122660000000   0.009368370000000   0.016356160000000
   0.001551040000000   0.017916470000000   0.017345130000000   0.017669150000000
   0.002759370000000  -0.000189300000000  -0.001960300000000  -0.004499800000000
   0.037508810000000   0.041269820000000   0.042135700000000   0.034547660000000
  -0.032834800000000  -0.023441400000000  -0.028543800000000  -0.019651400000000
   0.009974640000000   0.001208630000000   0.000004460000000  -0.002370400000000
   0.027283490000000   0.015963100000000   0.015431220000000   0.014105290000000
  -0.020424300000000  -0.022618400000000  -0.016314800000000  -0.024108300000000
   0.003742380000000  -0.005999000000000  -0.010283200000000  -0.006806300000000
   0.011936190000000   0.031285220000000   0.023896500000000   0.029563140000000
   0.028381900000000   0.035262040000000   0.022770120000000   0.032373230000000
  -0.004219500000000  -0.008611000000000  -0.011139600000000  -0.006623400000000
   0.004107730000000  -0.011561300000000  -0.014387900000000  -0.009540200000000
  -0.000991000000000  -0.003949600000000  -0.007643700000000  -0.000561900000000
   0.009120160000000  -0.004645200000000  -0.011978500000000  -0.000486000000000
   0.007585580000000  -0.008680600000000  -0.008885900000000  -0.006124500000000
  -0.023248300000000  -0.016752700000000  -0.015554200000000  -0.017777500000000
  -0.058903500000000  -0.050100500000000  -0.048045400000000  -0.046613400000000
   0.008035940000000  -0.016984600000000  -0.019507900000000  -0.015326500000000
   0.015599020000000   0.003421840000000   0.003549860000000   0.001373280000000
   0.015621950000000   0.021589760000000   0.017089620000000   0.019472080000000
   0.014776190000000   0.003488610000000   0.005028490000000   0.000916030000000
   0.026672720000000   0.009784730000000   0.020750840000000   0.005401880000000
   0.011712500000000   0.007445260000000   0.001227270000000   0.005180450000000
  -0.046886700000000  -0.042914500000000  -0.037194900000000  -0.038871900000000
  -0.035844400000000  -0.024164000000000  -0.017345200000000  -0.023081700000000
   0.024391580000000   0.026850430000000   0.017413080000000   0.020103380000000
  -0.013913200000000  -0.026206300000000  -0.022518700000000  -0.025691100000000
   0.039191910000000   0.039857080000000   0.033698990000000   0.035098490000000
   0.019784250000000   0.015140010000000   0.020572440000000   0.008537030000000
   0.006776440000000   0.015377880000000   0.012681510000000   0.018196020000000
   0.040713720000000   0.043992120000000   0.035453900000000   0.039314540000000
   0.019847270000000   0.002368170000000   0.004696250000000  -0.002632000000000
   0.026808710000000   0.018565120000000   0.015714260000000   0.012459730000000
   0.012399600000000  -0.021917500000000  -0.003707200000000  -0.024651400000000
   0.027426730000000   0.014523800000000   0.022603480000000   0.010472510000000

>>  x1 = x(1:200,1:1);x2 = x(1:200,2:2);x3 = x(1:200,3:3);x4 = x(1:200,4:4)

x4 =

   0.019984260000000
  -0.011277300000000
   0.002306750000000
   0.012282980000000
   0.021949700000000
  -0.007283100000000
   0.005370340000000
   0.016987120000000
   0.006794700000000
   0.005814310000000
   0.046789190000000
   0.011577010000000
   0.005968470000000
  -0.069827400000000
  -0.029521200000000
  -0.007169500000000
   0.017609320000000
  -0.026275700000000
   0.010970520000000
   0.016753480000000
   0.044239780000000
  -0.043999300000000
   0.013923920000000
  -0.059616100000000
  -0.030253500000000
   0.008904190000000
  -0.047680100000000
   0.004595920000000
  -0.003357700000000
  -0.028909300000000
  -0.021274700000000
  -0.012446600000000
   0.002552630000000
   0.014700650000000
   0.026881660000000
   0.016736910000000
  -0.051299900000000
   0.000919460000000
   0.018394100000000
   0.013165210000000
   0.009621050000000
   0.025627260000000
  -0.016577200000000
   0.023908240000000
   0.001882800000000
  -0.001509700000000
   0.013701500000000
   0.020753360000000
  -0.010774200000000
  -0.002921300000000
   0.013627320000000
  -0.002813500000000
  -0.011335600000000
   0.011685230000000
   0.009146830000000
   0.017171340000000
   0.016352240000000
  -0.005375200000000
   0.015956920000000
   0.001079740000000
   0.000940600000000
   0.010180660000000
  -0.001243700000000
   0.005473640000000
   0.009273940000000
   0.015459290000000
   0.012208940000000
  -0.004862000000000
   0.016551050000000
  -0.019332600000000
  -0.006744400000000
   0.010121180000000
   0.007037170000000
   0.005233400000000
  -0.004836000000000
  -0.004093200000000
   0.019732090000000
   0.001109160000000
   0.033005060000000
   0.016987830000000
  -0.008244600000000
   0.004766110000000
  -0.004999800000000
  -0.015503800000000
  -0.009485600000000
   0.008969070000000
   0.002838790000000
   0.002032110000000
  -0.009005200000000
   0.017266810000000
   0.014783110000000
  -0.017636000000000
   0.010798290000000
   0.001899820000000
   0.009760030000000
   0.002898240000000
   0.032693860000000
   0.003793150000000
   0.027416530000000
  -0.001626900000000
  -0.017816900000000
  -0.006253400000000
   0.001055770000000
  -0.029811000000000
  -0.008493600000000
   0.021149090000000
  -0.011984900000000
  -0.000761300000000
   0.003507640000000
   0.005348290000000
   0.028025630000000
   0.026680080000000
   0.013745990000000
  -0.038357800000000
   0.007985290000000
  -0.002274500000000
   0.007146270000000
   0.014561360000000
   0.006412700000000
  -0.006930900000000
   0.005379920000000
   0.030148890000000
  -0.020242700000000
   0.005549020000000
   0.019273070000000
   0.006743160000000
   0.018724280000000
   0.002431310000000
   0.029757760000000
   0.011414980000000
  -0.002360000000000
  -0.002410500000000
  -0.009093500000000
   0.018619670000000
  -0.034448700000000
  -0.012718500000000
   0.010395660000000
   0.059358710000000
  -0.010574200000000
   0.005076270000000
  -0.018268400000000
  -0.039433700000000
   0.002686500000000
  -0.046666200000000
   0.019399550000000
   0.015305710000000
   0.007784600000000
  -0.048396600000000
  -0.029712300000000
   0.029130460000000
   0.031826680000000
  -0.005646600000000
  -0.001917800000000
   0.018018830000000
   0.019733050000000
   0.038899480000000
  -0.004627000000000
   0.022521920000000
   0.024128920000000
   0.010503950000000
  -0.007152900000000
   0.009990130000000
  -0.004568800000000
   0.003737970000000
   0.016356160000000
   0.017669150000000
  -0.004499800000000
   0.034547660000000
  -0.019651400000000
  -0.002370400000000
   0.014105290000000
  -0.024108300000000
  -0.006806300000000
   0.029563140000000
   0.032373230000000
  -0.006623400000000
  -0.009540200000000
  -0.000561900000000
  -0.000486000000000
  -0.006124500000000
  -0.017777500000000
  -0.046613400000000
  -0.015326500000000
   0.001373280000000
   0.019472080000000
   0.000916030000000
   0.005401880000000
   0.005180450000000
  -0.038871900000000
  -0.023081700000000
   0.020103380000000
  -0.025691100000000
   0.035098490000000
   0.008537030000000
   0.018196020000000
   0.039314540000000
  -0.002632000000000
   0.012459730000000
  -0.024651400000000
   0.010472510000000

>> x5=[1:200]'

x5 =

     1
     2
     3
     4
     5
     6
     7
     8
     9
    10
    11
    12
    13
    14
    15
    16
    17
    18
    19
    20
    21
    22
    23
    24
    25
    26
    27
    28
    29
    30
    31
    32
    33
    34
    35
    36
    37
    38
    39
    40
    41
    42
    43
    44
    45
    46
    47
    48
    49
    50
    51
    52
    53
    54
    55
    56
    57
    58
    59
    60
    61
    62
    63
    64
    65
    66
    67
    68
    69
    70
    71
    72
    73
    74
    75
    76
    77
    78
    79
    80
    81
    82
    83
    84
    85
    86
    87
    88
    89
    90
    91
    92
    93
    94
    95
    96
    97
    98
    99
   100
   101
   102
   103
   104
   105
   106
   107
   108
   109
   110
   111
   112
   113
   114
   115
   116
   117
   118
   119
   120
   121
   122
   123
   124
   125
   126
   127
   128
   129
   130
   131
   132
   133
   134
   135
   136
   137
   138
   139
   140
   141
   142
   143
   144
   145
   146
   147
   148
   149
   150
   151
   152
   153
   154
   155
   156
   157
   158
   159
   160
   161
   162
   163
   164
   165
   166
   167
   168
   169
   170
   171
   172
   173
   174
   175
   176
   177
   178
   179
   180
   181
   182
   183
   184
   185
   186
   187
   188
   189
   190
   191
   192
   193
   194
   195
   196
   197
   198
   199
   200

>> scatter3(x1,x2,x3,10,x5)
>> plot3(x1(:,1),x2(:,1),x3(:,1),'o','markersize',1)
hold on
for l=1:200
    plot3(x1(l,1),x2(l,1),x3(l,1),'o','markersize',1)
    pause(1)
end

>> figure(1); clf
hold on
for l=1:200
    plot3(x1(l,1),x2(l,1),x3(l,1),'o','markersize',x5)
    pause(1)
end
Error using plot3
Value not a numeric scalar
 
>>  figure(1); clf
hold on
for l=1:200
    plot3(x1(l,1),x2(l,1),x3(l,1),'o','markersize',1)
    pause(1)
end

>> figure(1); clf
hold on
for l=1:200
    plot3(x1(l,1),x2(l,1),x3(l,1),'o','markersize',1)
    pause(1)
end
>> figure(1); clf

for l=1:200
    scatter3(x1(l,1),x2(l,1),x3(l,1),10,x5(l,1))
    hold on
    pause(0.5)
end
>> figure(1); clf

for l=1:200
    scatter3(x1(l,1),x2(l,1),x3(l,1),10,x5(l,1))
    if x5(l)>10
        stem3(k(l,1),k(l,2),k(l,3),'filled')
    else
        stem3(k(l,1),k(l,2),k(l,3))
    end
    hold on
    pause(0.5)
end
Undefined function or variable 'k'.
 
>> figure(1); clf

for l=1:200
    scatter3(x1(l,1),x2(l,1),x3(l,1),10,x5(l,1))
    if x5(l)>10
        stem3(x1(l,1),x2(l,2),x3(l,3),'filled')
    else
        stem3(x1(l,1),x2(l,2),x3(l,3))
    end
    hold on
    pause(0.5)
end
Index exceeds matrix dimensions.
 
>> figure(1); clf

for l=1:200
    scatter3(x1(l,1),x2(l,1),x3(l,1),10,x5(l,1))
    if x5(l,1)>10
        stem3(x1(l,1),x2(l,2),x3(l,3),'filled')
    else
        stem3(x1(l,1),x2(l,2),x3(l,3))
    end
    hold on
    pause(0.5)
end
Index exceeds matrix dimensions.
 
>> figure(1); clf

for l=1:200
    scatter3(x1(l,1),x2(l,1),x3(l,1),10,x5(l,1))
    stem3(x1(l,1),x2(l,2),x3(l,3),'filled')
    hold on
    pause(0.5)
end
Index exceeds matrix dimensions.
 
>> figure(1); clf

for l=1:200
    scatter3(x1(l,1),x2(l,1),x3(l,1),10,x5(l,1))
    stem3(x1(l,1),x2(l,1),x3(l,1),'filled')
    hold on
    pause(0.5)
end
>> figure(1); clf

for l=1:200
    scatter3(x1(l,1),x2(l,1),x3(l,1),10,x5(l,1))
    stem3(x1(l,1),x2(l,1),x3(l,1),'filled')
    hold on
    pause(0.5)
end
>> figure(1); clf

for l=1:200
    scatter3(x1(l,1),x2(l,1),x3(l,1),10,x5(l,1))
    stem3(x1(l,1),x2(l,1),x3(l,1),'x5(l,1)')
    hold on
    pause(0.5)
end
Error using stem3 (line 25)
Error in color/linetype argument.
 
>> figure(1); clf

for l=1:200
    scatter3(x1(l,1),x2(l,1),x3(l,1),20,x5(l,1))
    
    hold on
    pause(0.5)
end
>> figure(1); clf

for l=1:200
    scatter3(x1(l,1),x2(l,1),x3(l,1),10,x5(l,1))
    stem3(x1(l,1),x2(l,1),x3(l,1),
          'Marker','none')
    hold on
    pause(0.5)
end
     stem3(x1(l,1),x2(l,1),x3(l,1),
                                   ↑
Error: Expression or statement is incorrect--possibly unbalanced (, {, or [.
 
>> figure(1); clf

for l=1:200
    scatter3(x1(l,1),x2(l,1),x3(l,1),10,x5(l,1))
    stem3(x1(l,1),x2(l,1),x3(l,1),'Marker','none')
    hold on
    pause(0.5)
end
>> figure(1); clf

for l=1:200
    scatter3(x1(l,1),x2(l,1),x3(l,1),10))
    stem3(x1(l,1),x2(l,1),x3(l,1),'filled')
    hold on
    pause(0.5)
end
     scatter3(x1(l,1),x2(l,1),x3(l,1),10))
                                         ↑
Error: Unbalanced or unexpected parenthesis or bracket.
 
>> figure(1); clf

for l=1:200
    scatter3(x1(l,1),x2(l,1),x3(l,1),10)
    stem3(x1(l,1),x2(l,1),x3(l,1),'filled')
    hold on
    pause(0.5)
end
>> x = load('/Users/zhugehuiming/Downloads/测试窗口大小v1.1/2009-09-17origin.csv')

x =

   0.025721000000000   0.018807730000000   0.014432300000000   0.019984260000000
  -0.000071900000000  -0.013535000000000  -0.011592700000000  -0.011277300000000
   0.012687690000000   0.002804720000000   0.004284690000000   0.002306750000000
   0.018312520000000   0.016921430000000   0.023594590000000   0.012282980000000
   0.019203380000000   0.023503510000000   0.017449270000000   0.021949700000000
  -0.010718900000000  -0.010066400000000  -0.013386900000000  -0.007283100000000
   0.008652490000000   0.007521380000000   0.010336100000000   0.005370340000000
   0.020455690000000   0.021278280000000   0.024441350000000   0.016987120000000
   0.021702150000000   0.008758660000000   0.009999600000000   0.006794700000000
   0.013099470000000   0.008216590000000   0.010088320000000   0.005814310000000
   0.046033220000000   0.054205760000000   0.060091240000000   0.046789190000000
   0.001949740000000   0.016472230000000   0.011677050000000   0.011577010000000
  -0.003260500000000   0.004733910000000   0.002753860000000   0.005968470000000
  -0.067510400000000  -0.073713200000000  -0.078550300000000  -0.069827400000000
  -0.027040800000000  -0.035315200000000  -0.038351700000000  -0.029521200000000
   0.008627150000000  -0.005084800000000  -0.008143900000000  -0.007169500000000
   0.029496940000000   0.019917180000000   0.025915180000000   0.017609320000000
  -0.016325000000000  -0.037790200000000  -0.032626200000000  -0.026275700000000
   0.024872540000000   0.008076870000000   0.015335860000000   0.010970520000000
   0.025099280000000   0.018661510000000   0.020703050000000   0.016753480000000
   0.036475910000000   0.042162710000000   0.038364550000000   0.044239780000000
  -0.042731400000000  -0.050902000000000  -0.049034300000000  -0.043999300000000
   0.017208570000000   0.010050370000000   0.008915640000000   0.013923920000000
  -0.072222200000000  -0.062996500000000  -0.068790000000000  -0.059616100000000
  -0.039054100000000  -0.028404600000000  -0.023963800000000  -0.030253500000000
  -0.000691700000000   0.012699380000000   0.016637800000000   0.008904190000000
  -0.049440800000000  -0.045732700000000  -0.042406400000000  -0.047680100000000
   0.007551780000000   0.003334780000000   0.012520670000000   0.004595920000000
   0.008801670000000  -0.002974800000000  -0.000124100000000  -0.003357700000000
  -0.033188500000000  -0.029932100000000  -0.039346700000000  -0.028909300000000
  -0.005459800000000  -0.021021700000000  -0.021040500000000  -0.021274700000000
   0.008875490000000  -0.012136900000000  -0.008784500000000  -0.012446600000000
   0.013347190000000  -0.000108300000000   0.003426330000000   0.002552630000000
   0.016855610000000   0.013936000000000   0.013533480000000   0.014700650000000
   0.026372100000000   0.027086480000000   0.029559830000000   0.026881660000000
   0.012054280000000   0.021217670000000   0.015331050000000   0.016736910000000
  -0.061170200000000  -0.053964700000000  -0.056956200000000  -0.051299900000000
   0.023031290000000   0.003250910000000   0.006762880000000   0.000919460000000
   0.018493200000000   0.020529140000000   0.015522150000000   0.018394100000000
  -0.010840500000000   0.004259840000000   0.000744450000000   0.013165210000000
   0.003868590000000   0.012412530000000   0.012535300000000   0.009621050000000
   0.013069710000000   0.018775520000000   0.013267980000000   0.025627260000000
  -0.030480600000000  -0.014385400000000  -0.015363400000000  -0.016577200000000
   0.022266730000000   0.020057120000000   0.018802520000000   0.023908240000000
   0.001880990000000   0.005289820000000   0.003820880000000   0.001882800000000
  -0.006095500000000   0.002267480000000   0.000201060000000  -0.001509700000000
  -0.000087100000000   0.011099620000000   0.006766340000000   0.013701500000000
   0.016750490000000   0.027508570000000   0.025770570000000   0.020753360000000
   0.007350730000000  -0.011036700000000  -0.003584300000000  -0.010774200000000
  -0.000171900000000   0.000591650000000   0.005371710000000  -0.002921300000000
   0.023088070000000   0.013048880000000   0.011888770000000   0.013627320000000
   0.007575240000000   0.003520230000000   0.010151780000000  -0.002813500000000
   0.003843020000000  -0.010203700000000  -0.010259900000000  -0.011335600000000
  -0.001289400000000   0.014208170000000   0.018679490000000   0.011685230000000
  -0.000741800000000   0.013550400000000   0.023779560000000   0.009146830000000
   0.011740270000000   0.013637700000000   0.010241290000000   0.017171340000000
   0.007863640000000   0.022307570000000   0.024099880000000   0.016352240000000
  -0.001557100000000  -0.004254400000000  -0.003357500000000  -0.005375200000000
   0.000691230000000   0.016343680000000   0.016712030000000   0.015956920000000
  -0.000691200000000   0.003361970000000   0.002393960000000   0.001079740000000
   0.000604230000000  -0.000900800000000   0.000372460000000   0.000940600000000
   0.013866680000000   0.011871920000000   0.022747380000000   0.010180660000000
  -0.006342800000000   0.000434610000000  -0.005829800000000  -0.001243700000000
  -0.002913800000000   0.000830820000000  -0.004598600000000   0.005473640000000
  -0.008526500000000   0.007354900000000   0.008096880000000   0.009273940000000
   0.008963620000000   0.015438620000000   0.010016250000000   0.015459290000000
   0.009279230000000   0.016534730000000   0.022282580000000   0.012208940000000
   0.001685210000000  -0.001677000000000   0.002618920000000  -0.004862000000000
   0.019426750000000   0.020400950000000   0.022997210000000   0.016551050000000
  -0.020833200000000  -0.018862400000000  -0.016564600000000  -0.019332600000000
  -0.003987800000000  -0.009399800000000  -0.011229300000000  -0.006744400000000
   0.011784320000000   0.009761160000000   0.007481190000000   0.010121180000000
   0.011278220000000   0.004088660000000   0.012021590000000   0.007037170000000
  -0.011313300000000   0.003114920000000  -0.005203300000000   0.005233400000000
  -0.001974000000000  -0.004900700000000  -0.006225000000000  -0.004836000000000
  -0.002518000000000   0.004873470000000   0.001996640000000  -0.004093200000000
   0.002468960000000   0.025598820000000   0.021511790000000   0.019732090000000
   0.002500830000000   0.002362220000000   0.006025180000000   0.001109160000000
   0.014068230000000   0.035115430000000   0.028560620000000   0.033005060000000
  -0.000520100000000   0.014581960000000   0.010483360000000   0.016987830000000
   0.002688940000000  -0.012045900000000  -0.015824600000000  -0.008244600000000
   0.005919200000000   0.004383450000000   0.010815320000000   0.004766110000000
  -0.003943700000000  -0.003398500000000  -0.003590400000000  -0.004999800000000
  -0.018449100000000  -0.022600800000000  -0.025421800000000  -0.015503800000000
   0.000965280000000  -0.009626900000000  -0.005311300000000  -0.009485600000000
   0.005358770000000   0.010444910000000   0.010639300000000   0.008969070000000
   0.003162900000000   0.005154570000000   0.003964590000000   0.002838790000000
   0.009976500000000   0.001259680000000   0.002054040000000   0.002032110000000
  -0.001770200000000  -0.007637500000000  -0.004109700000000  -0.009005200000000
   0.014484600000000   0.009085180000000   0.011255630000000   0.017266810000000
   0.020429660000000   0.022939480000000   0.030964260000000   0.014783110000000
  -0.037111900000000  -0.023176100000000  -0.031348300000000  -0.017636000000000
  -0.011452600000000   0.007969370000000   0.007305370000000   0.010798290000000
  -0.005054200000000   0.000759210000000  -0.003961900000000   0.001899820000000
   0.023387190000000   0.013827630000000   0.020029650000000   0.009760030000000
   0.006694210000000   0.004671680000000   0.004851000000000   0.002898240000000
   0.028734140000000   0.034242080000000   0.040944400000000   0.032693860000000
   0.012068860000000   0.006717310000000   0.012635100000000   0.003793150000000
   0.020722780000000   0.033899300000000   0.030175090000000   0.027416530000000
   0.002811370000000   0.002082750000000   0.002428170000000  -0.001626900000000
  -0.037786500000000  -0.023437100000000  -0.025329900000000  -0.017816900000000
   0.003591300000000  -0.008001700000000  -0.004886500000000  -0.006253400000000
   0.005988480000000   0.006684950000000   0.012010940000000   0.001055770000000
  -0.047824400000000  -0.037767400000000  -0.041490400000000  -0.029811000000000
  -0.000052400000000  -0.011974600000000  -0.015718700000000  -0.008493600000000
   0.027817890000000   0.021268500000000   0.022049340000000   0.021149090000000
  -0.015360000000000  -0.013646300000000  -0.013612500000000  -0.011984900000000
  -0.000306400000000   0.000044700000000  -0.001360400000000  -0.000761300000000
   0.004876550000000   0.003773410000000   0.004782830000000   0.003507640000000
   0.015598330000000   0.007631210000000   0.014401350000000   0.005348290000000
   0.022052320000000   0.023226260000000   0.020584000000000   0.028025630000000
   0.036847040000000   0.030456860000000   0.034301830000000   0.026680080000000
   0.013797710000000   0.015337440000000   0.014875930000000   0.013745990000000
  -0.029427600000000  -0.038610100000000  -0.036993100000000  -0.038357800000000
   0.005518830000000   0.002506100000000  -0.001342200000000   0.007985290000000
  -0.003498900000000  -0.002292600000000  -0.006067200000000  -0.002274500000000
   0.017112290000000   0.010998000000000   0.015702830000000   0.007146270000000
   0.018231770000000   0.015993190000000   0.019193490000000   0.014561360000000
   0.010812110000000   0.009334480000000   0.007995630000000   0.006412700000000
  -0.001479800000000  -0.005795200000000  -0.009353000000000  -0.006930900000000
   0.008297900000000   0.007688760000000   0.001143620000000   0.005379920000000
   0.019975480000000   0.032151130000000   0.025663020000000   0.030148890000000
  -0.019828800000000  -0.020791500000000  -0.022426400000000  -0.020242700000000
   0.007188700000000   0.005062180000000   0.007745300000000   0.005549020000000
   0.018417080000000   0.024718850000000   0.027177450000000   0.019273070000000
  -0.001820900000000  -0.001142300000000   0.002899830000000   0.006743160000000
   0.019388800000000   0.021170580000000   0.018318170000000   0.018724280000000
   0.011900130000000   0.004403830000000   0.009028390000000   0.002431310000000
   0.034962170000000   0.035406780000000   0.044751250000000   0.029757760000000
   0.010289100000000   0.016276390000000   0.018486630000000   0.011414980000000
   0.001204920000000  -0.004650400000000  -0.007308400000000  -0.002360000000000
  -0.000739300000000  -0.002110000000000  -0.001007900000000  -0.002410500000000
  -0.010053000000000  -0.009145700000000  -0.013029400000000  -0.009093500000000
   0.017422740000000   0.017217320000000   0.012363480000000   0.018619670000000
  -0.039205600000000  -0.037450600000000  -0.037430500000000  -0.034448700000000
  -0.001573200000000  -0.007988700000000   0.000922860000000  -0.012718500000000
   0.000185980000000   0.008614300000000   0.001771710000000   0.010395660000000
   0.055764580000000   0.064621670000000   0.066853960000000   0.059358710000000
   0.002316540000000  -0.010457900000000  -0.008681500000000  -0.010574200000000
   0.018354730000000   0.011233150000000   0.020103550000000   0.005076270000000
  -0.029634500000000  -0.022953500000000  -0.022057100000000  -0.018268400000000
  -0.061594400000000  -0.050766900000000  -0.057915400000000  -0.039433700000000
  -0.005710700000000   0.001042100000000  -0.019389400000000   0.002686500000000
  -0.045519900000000  -0.046112800000000  -0.037910700000000  -0.046666200000000
   0.025472820000000   0.027830520000000   0.035444400000000   0.019399550000000
   0.029010270000000   0.019777800000000   0.025229630000000   0.015305710000000
   0.019804870000000   0.009868360000000   0.016002890000000   0.007784600000000
  -0.039132100000000  -0.046971500000000  -0.045661300000000  -0.048396600000000
  -0.029746500000000  -0.031754900000000  -0.035969100000000  -0.029712300000000
   0.006528460000000   0.025994400000000   0.016355730000000   0.029130460000000
   0.031662020000000   0.034229750000000   0.036581640000000   0.031826680000000
   0.008263760000000  -0.005506000000000   0.003563340000000  -0.005646600000000
   0.001112370000000   0.001880680000000   0.002857180000000  -0.001917800000000
   0.018289540000000   0.013016490000000   0.021754330000000   0.018018830000000
   0.035989660000000   0.026199410000000   0.039828490000000   0.019733050000000
   0.039341130000000   0.039341940000000   0.047222790000000   0.038899480000000
  -0.021098500000000  -0.007152500000000  -0.008624000000000  -0.004627000000000
   0.016701270000000   0.026900190000000   0.028653540000000   0.022521920000000
   0.019444220000000   0.024893450000000   0.024914170000000   0.024128920000000
   0.021893420000000   0.011922660000000   0.010263260000000   0.010503950000000
  -0.006317800000000  -0.005822600000000  -0.005067500000000  -0.007152900000000
   0.013073830000000   0.011234030000000   0.011421000000000   0.009990130000000
  -0.020822700000000  -0.001719800000000  -0.007104400000000  -0.004568800000000
   0.011292190000000   0.006300700000000   0.005415960000000   0.003737970000000
  -0.001091300000000   0.011122660000000   0.009368370000000   0.016356160000000
   0.001551040000000   0.017916470000000   0.017345130000000   0.017669150000000
   0.002759370000000  -0.000189300000000  -0.001960300000000  -0.004499800000000
   0.037508810000000   0.041269820000000   0.042135700000000   0.034547660000000
  -0.032834800000000  -0.023441400000000  -0.028543800000000  -0.019651400000000
   0.009974640000000   0.001208630000000   0.000004460000000  -0.002370400000000
   0.027283490000000   0.015963100000000   0.015431220000000   0.014105290000000
  -0.020424300000000  -0.022618400000000  -0.016314800000000  -0.024108300000000
   0.003742380000000  -0.005999000000000  -0.010283200000000  -0.006806300000000
   0.011936190000000   0.031285220000000   0.023896500000000   0.029563140000000
   0.028381900000000   0.035262040000000   0.022770120000000   0.032373230000000
  -0.004219500000000  -0.008611000000000  -0.011139600000000  -0.006623400000000
   0.004107730000000  -0.011561300000000  -0.014387900000000  -0.009540200000000
  -0.000991000000000  -0.003949600000000  -0.007643700000000  -0.000561900000000
   0.009120160000000  -0.004645200000000  -0.011978500000000  -0.000486000000000
   0.007585580000000  -0.008680600000000  -0.008885900000000  -0.006124500000000
  -0.023248300000000  -0.016752700000000  -0.015554200000000  -0.017777500000000
  -0.058903500000000  -0.050100500000000  -0.048045400000000  -0.046613400000000
   0.008035940000000  -0.016984600000000  -0.019507900000000  -0.015326500000000
   0.015599020000000   0.003421840000000   0.003549860000000   0.001373280000000
   0.015621950000000   0.021589760000000   0.017089620000000   0.019472080000000
   0.014776190000000   0.003488610000000   0.005028490000000   0.000916030000000
   0.026672720000000   0.009784730000000   0.020750840000000   0.005401880000000
   0.011712500000000   0.007445260000000   0.001227270000000   0.005180450000000
  -0.046886700000000  -0.042914500000000  -0.037194900000000  -0.038871900000000
  -0.035844400000000  -0.024164000000000  -0.017345200000000  -0.023081700000000
   0.024391580000000   0.026850430000000   0.017413080000000   0.020103380000000
  -0.013913200000000  -0.026206300000000  -0.022518700000000  -0.025691100000000
   0.039191910000000   0.039857080000000   0.033698990000000   0.035098490000000
   0.019784250000000   0.015140010000000   0.020572440000000   0.008537030000000
   0.006776440000000   0.015377880000000   0.012681510000000   0.018196020000000
   0.040713720000000   0.043992120000000   0.035453900000000   0.039314540000000
   0.019847270000000   0.002368170000000   0.004696250000000  -0.002632000000000
   0.026808710000000   0.018565120000000   0.015714260000000   0.012459730000000
   0.012399600000000  -0.021917500000000  -0.003707200000000  -0.024651400000000
   0.027426730000000   0.014523800000000   0.022603480000000   0.010472510000000
   0.000440760000000   0.005008450000000   0.006890980000000   0.004838120000000
   0.004073080000000  -0.001824700000000   0.003521370000000  -0.004406000000000
  -0.022165600000000  -0.044228400000000  -0.037213100000000  -0.037418500000000
  -0.023692400000000  -0.006067700000000   0.002165840000000  -0.007270200000000
  -0.008070700000000  -0.010670300000000   0.002525270000000  -0.016850200000000
   0.063899470000000   0.059780830000000   0.059623430000000   0.058712230000000
  -0.075312300000000  -0.077074000000000  -0.074938300000000  -0.065145100000000
   0.043473870000000   0.022174060000000   0.018242860000000   0.021933050000000
   0.054551630000000   0.036449780000000   0.045519220000000   0.030063200000000
   0.043132990000000   0.039320610000000   0.039643990000000   0.036183010000000
  -0.003834700000000   0.011420150000000   0.002766770000000   0.008372270000000
  -0.012615500000000  -0.011336900000000  -0.004473800000000  -0.016776400000000
   0.063573950000000   0.071212720000000   0.062985980000000   0.070195630000000
  -0.000817100000000   0.016859350000000   0.005673890000000   0.017308530000000
  -0.020932800000000  -0.024926500000000  -0.025070500000000  -0.024662500000000
   0.028759320000000   0.038363580000000   0.034156250000000   0.031098660000000
  -0.016770900000000  -0.015713600000000  -0.027179800000000  -0.007628900000000
  -0.000963700000000  -0.006101600000000  -0.002457100000000  -0.005231200000000
  -0.004356700000000  -0.020230800000000  -0.011972200000000  -0.019941100000000
   0.016722550000000   0.023506090000000   0.018959720000000   0.025149030000000
  -0.025634900000000  -0.028301200000000  -0.015817600000000  -0.029793400000000
   0.032864400000000   0.030444340000000   0.026891510000000   0.027737200000000
  -0.063548800000000  -0.073910200000000  -0.071351700000000  -0.065289000000000
  -0.010264900000000  -0.029412700000000  -0.026652700000000  -0.019348300000000
   0.006333360000000   0.000796050000000   0.007501220000000  -0.010744200000000
  -0.007477500000000  -0.025893000000000  -0.017549700000000  -0.032542700000000
   0.011113360000000  -0.008109900000000  -0.005789900000000  -0.007872800000000
   0.027145090000000   0.034035550000000   0.034315400000000   0.022210270000000
   0.003682540000000   0.006764920000000   0.006940840000000   0.010784910000000
  -0.051400400000000  -0.050052500000000  -0.038148500000000  -0.043406800000000
  -0.018771600000000  -0.010527600000000  -0.010368500000000  -0.011291300000000
  -0.031513500000000  -0.025954800000000  -0.015097600000000  -0.027501900000000
   0.010170880000000   0.040355380000000   0.028749510000000   0.035839620000000
  -0.062039000000000  -0.045284100000000  -0.056753200000000  -0.036326600000000
  -0.015704600000000  -0.013727800000000  -0.024304900000000  -0.008467000000000
  -0.029432000000000  -0.038581100000000  -0.036413200000000  -0.030882000000000
   0.001507890000000  -0.012408100000000  -0.005006100000000  -0.007341500000000
  -0.043835600000000  -0.052597000000000  -0.046290900000000  -0.053751900000000
   0.004406010000000   0.009012440000000   0.024429260000000  -0.001620500000000
   0.028357510000000   0.038827720000000   0.040584290000000   0.035752350000000
   0.003884150000000   0.007212050000000   0.003021450000000   0.006925740000000
  -0.066886100000000  -0.038854200000000  -0.056030900000000  -0.015728400000000
   0.035391270000000   0.062860590000000   0.043098850000000   0.074867380000000
   0.092695820000000   0.089308770000000   0.086213160000000   0.090342510000000
  -0.035727600000000  -0.017333200000000  -0.017668500000000  -0.017365600000000
  -0.021695200000000  -0.036397800000000  -0.028562500000000  -0.029417100000000
  -0.011930300000000  -0.037861600000000  -0.008901700000000  -0.045764500000000
   0.012726570000000   0.002756640000000   0.008517700000000   0.000331840000000
  -0.011598700000000  -0.033713600000000  -0.027146100000000  -0.033943900000000
   0.001841400000000   0.001882150000000   0.006145830000000   0.002318150000000
   0.003382900000000   0.005921710000000   0.002592300000000   0.001100440000000
  -0.043905700000000  -0.026410200000000  -0.036476800000000  -0.027167700000000
  -0.031171800000000  -0.030544200000000  -0.028418600000000  -0.033468500000000
   0.012472260000000   0.002308150000000   0.008067400000000   0.000324980000000
  -0.021670900000000  -0.017412400000000  -0.021987400000000  -0.012319100000000
  -0.020574300000000  -0.010342700000000  -0.014004800000000  -0.008747300000000
  -0.049703500000000  -0.035091200000000  -0.040669800000000  -0.030592100000000
   0.020919030000000   0.023594910000000   0.023664160000000   0.019897400000000
  -0.004451600000000   0.004539650000000  -0.001292500000000   0.003405590000000
  -0.018506200000000  -0.002679900000000  -0.007663000000000  -0.003380100000000
  -0.038623600000000  -0.029173200000000  -0.022326800000000  -0.026574700000000
  -0.003241500000000  -0.001822900000000  -0.004481900000000   0.003378580000000
  -0.026467100000000  -0.016107100000000  -0.017296500000000  -0.010953300000000
  -0.036491600000000  -0.035752800000000  -0.034356200000000  -0.036960800000000
   0.066884700000000   0.075616630000000   0.068846780000000   0.073500280000000
   0.013142100000000   0.015045750000000   0.016520320000000   0.010548210000000
  -0.050987600000000  -0.056397800000000  -0.049843200000000  -0.054825800000000
   0.000312310000000   0.001680590000000  -0.005479600000000   0.005536370000000
   0.010109900000000  -0.000474600000000   0.003510350000000  -0.003776100000000
   0.007519070000000   0.000208640000000   0.006913840000000  -0.004445800000000
  -0.009180100000000  -0.005162300000000   0.002768450000000  -0.005224000000000
  -0.051781300000000  -0.053357700000000  -0.058086600000000  -0.053462500000000
  -0.049365900000000  -0.048572200000000  -0.042564200000000  -0.045705700000000
  -0.003184600000000  -0.000459400000000  -0.001310700000000   0.003014530000000
   0.004524680000000   0.006861150000000  -0.003649700000000   0.010580270000000
  -0.027970900000000  -0.025592000000000  -0.032021700000000  -0.018772800000000
  -0.027956400000000  -0.024098300000000  -0.019144300000000  -0.021676500000000
   0.009288490000000   0.012603780000000   0.009100700000000   0.009359030000000
  -0.025783100000000  -0.027831600000000  -0.025588600000000  -0.021720700000000
  -0.003132900000000  -0.007340300000000  -0.007800100000000  -0.004796900000000
  -0.013304200000000  -0.018826200000000  -0.018443300000000  -0.018320400000000
   0.006272640000000   0.007338950000000   0.005124320000000   0.013144880000000
  -0.004391800000000  -0.012899600000000  -0.008312500000000  -0.015649500000000
   0.020629320000000   0.032094590000000   0.027485040000000   0.025206010000000
  -0.012065500000000  -0.007401500000000  -0.011903500000000  -0.002909900000000
   0.001756320000000  -0.002170000000000  -0.001997700000000  -0.005361300000000
   0.039013410000000   0.033388180000000   0.029046120000000   0.029453580000000
   0.021177490000000   0.035203590000000   0.031790950000000   0.034265640000000
  -0.005722000000000  -0.010077600000000  -0.003762100000000  -0.007824700000000
  -0.032039400000000  -0.038364400000000  -0.034331100000000  -0.026829600000000
  -0.030581600000000  -0.042172400000000  -0.041141100000000  -0.034932900000000
   0.013417510000000   0.007545530000000   0.002279240000000   0.007543340000000
  -0.016780200000000  -0.006826100000000  -0.014570300000000  -0.006566600000000
  -0.009740800000000  -0.013825900000000  -0.017216800000000  -0.015562800000000
   0.024723490000000   0.038297930000000   0.039905540000000   0.036827460000000
   0.018694080000000   0.006596850000000   0.004763960000000   0.008043060000000
   0.046568940000000   0.050115290000000   0.052049440000000   0.044864170000000
  -0.003466500000000  -0.006818800000000   0.000271290000000  -0.012521100000000
   0.046281690000000   0.022348060000000   0.025435210000000   0.019346070000000
   0.007881230000000   0.000463140000000   0.007138380000000   0.000045300000000

>> 
>> 
>> 
>> 
>> x = load('/Users/zhugehuiming/Downloads/测试窗口大小v1.1/2009-09-17origin.csv')

x =

   0.025721000000000   0.018807730000000   0.014432300000000   0.019984260000000
  -0.000071900000000  -0.013535000000000  -0.011592700000000  -0.011277300000000
   0.012687690000000   0.002804720000000   0.004284690000000   0.002306750000000
   0.018312520000000   0.016921430000000   0.023594590000000   0.012282980000000
   0.019203380000000   0.023503510000000   0.017449270000000   0.021949700000000
  -0.010718900000000  -0.010066400000000  -0.013386900000000  -0.007283100000000
   0.008652490000000   0.007521380000000   0.010336100000000   0.005370340000000
   0.020455690000000   0.021278280000000   0.024441350000000   0.016987120000000
   0.021702150000000   0.008758660000000   0.009999600000000   0.006794700000000
   0.013099470000000   0.008216590000000   0.010088320000000   0.005814310000000
   0.046033220000000   0.054205760000000   0.060091240000000   0.046789190000000
   0.001949740000000   0.016472230000000   0.011677050000000   0.011577010000000
  -0.003260500000000   0.004733910000000   0.002753860000000   0.005968470000000
  -0.067510400000000  -0.073713200000000  -0.078550300000000  -0.069827400000000
  -0.027040800000000  -0.035315200000000  -0.038351700000000  -0.029521200000000
   0.008627150000000  -0.005084800000000  -0.008143900000000  -0.007169500000000
   0.029496940000000   0.019917180000000   0.025915180000000   0.017609320000000
  -0.016325000000000  -0.037790200000000  -0.032626200000000  -0.026275700000000
   0.024872540000000   0.008076870000000   0.015335860000000   0.010970520000000
   0.025099280000000   0.018661510000000   0.020703050000000   0.016753480000000
   0.036475910000000   0.042162710000000   0.038364550000000   0.044239780000000
  -0.042731400000000  -0.050902000000000  -0.049034300000000  -0.043999300000000
   0.017208570000000   0.010050370000000   0.008915640000000   0.013923920000000
  -0.072222200000000  -0.062996500000000  -0.068790000000000  -0.059616100000000
  -0.039054100000000  -0.028404600000000  -0.023963800000000  -0.030253500000000
  -0.000691700000000   0.012699380000000   0.016637800000000   0.008904190000000
  -0.049440800000000  -0.045732700000000  -0.042406400000000  -0.047680100000000
   0.007551780000000   0.003334780000000   0.012520670000000   0.004595920000000
   0.008801670000000  -0.002974800000000  -0.000124100000000  -0.003357700000000
  -0.033188500000000  -0.029932100000000  -0.039346700000000  -0.028909300000000
  -0.005459800000000  -0.021021700000000  -0.021040500000000  -0.021274700000000
   0.008875490000000  -0.012136900000000  -0.008784500000000  -0.012446600000000
   0.013347190000000  -0.000108300000000   0.003426330000000   0.002552630000000
   0.016855610000000   0.013936000000000   0.013533480000000   0.014700650000000
   0.026372100000000   0.027086480000000   0.029559830000000   0.026881660000000
   0.012054280000000   0.021217670000000   0.015331050000000   0.016736910000000
  -0.061170200000000  -0.053964700000000  -0.056956200000000  -0.051299900000000
   0.023031290000000   0.003250910000000   0.006762880000000   0.000919460000000
   0.018493200000000   0.020529140000000   0.015522150000000   0.018394100000000
  -0.010840500000000   0.004259840000000   0.000744450000000   0.013165210000000
   0.003868590000000   0.012412530000000   0.012535300000000   0.009621050000000
   0.013069710000000   0.018775520000000   0.013267980000000   0.025627260000000
  -0.030480600000000  -0.014385400000000  -0.015363400000000  -0.016577200000000
   0.022266730000000   0.020057120000000   0.018802520000000   0.023908240000000
   0.001880990000000   0.005289820000000   0.003820880000000   0.001882800000000
  -0.006095500000000   0.002267480000000   0.000201060000000  -0.001509700000000
  -0.000087100000000   0.011099620000000   0.006766340000000   0.013701500000000
   0.016750490000000   0.027508570000000   0.025770570000000   0.020753360000000
   0.007350730000000  -0.011036700000000  -0.003584300000000  -0.010774200000000
  -0.000171900000000   0.000591650000000   0.005371710000000  -0.002921300000000
   0.023088070000000   0.013048880000000   0.011888770000000   0.013627320000000
   0.007575240000000   0.003520230000000   0.010151780000000  -0.002813500000000
   0.003843020000000  -0.010203700000000  -0.010259900000000  -0.011335600000000
  -0.001289400000000   0.014208170000000   0.018679490000000   0.011685230000000
  -0.000741800000000   0.013550400000000   0.023779560000000   0.009146830000000
   0.011740270000000   0.013637700000000   0.010241290000000   0.017171340000000
   0.007863640000000   0.022307570000000   0.024099880000000   0.016352240000000
  -0.001557100000000  -0.004254400000000  -0.003357500000000  -0.005375200000000
   0.000691230000000   0.016343680000000   0.016712030000000   0.015956920000000
  -0.000691200000000   0.003361970000000   0.002393960000000   0.001079740000000
   0.000604230000000  -0.000900800000000   0.000372460000000   0.000940600000000
   0.013866680000000   0.011871920000000   0.022747380000000   0.010180660000000
  -0.006342800000000   0.000434610000000  -0.005829800000000  -0.001243700000000
  -0.002913800000000   0.000830820000000  -0.004598600000000   0.005473640000000
  -0.008526500000000   0.007354900000000   0.008096880000000   0.009273940000000
   0.008963620000000   0.015438620000000   0.010016250000000   0.015459290000000
   0.009279230000000   0.016534730000000   0.022282580000000   0.012208940000000
   0.001685210000000  -0.001677000000000   0.002618920000000  -0.004862000000000
   0.019426750000000   0.020400950000000   0.022997210000000   0.016551050000000
  -0.020833200000000  -0.018862400000000  -0.016564600000000  -0.019332600000000
  -0.003987800000000  -0.009399800000000  -0.011229300000000  -0.006744400000000
   0.011784320000000   0.009761160000000   0.007481190000000   0.010121180000000
   0.011278220000000   0.004088660000000   0.012021590000000   0.007037170000000
  -0.011313300000000   0.003114920000000  -0.005203300000000   0.005233400000000
  -0.001974000000000  -0.004900700000000  -0.006225000000000  -0.004836000000000
  -0.002518000000000   0.004873470000000   0.001996640000000  -0.004093200000000
   0.002468960000000   0.025598820000000   0.021511790000000   0.019732090000000
   0.002500830000000   0.002362220000000   0.006025180000000   0.001109160000000
   0.014068230000000   0.035115430000000   0.028560620000000   0.033005060000000
  -0.000520100000000   0.014581960000000   0.010483360000000   0.016987830000000
   0.002688940000000  -0.012045900000000  -0.015824600000000  -0.008244600000000
   0.005919200000000   0.004383450000000   0.010815320000000   0.004766110000000
  -0.003943700000000  -0.003398500000000  -0.003590400000000  -0.004999800000000
  -0.018449100000000  -0.022600800000000  -0.025421800000000  -0.015503800000000
   0.000965280000000  -0.009626900000000  -0.005311300000000  -0.009485600000000
   0.005358770000000   0.010444910000000   0.010639300000000   0.008969070000000
   0.003162900000000   0.005154570000000   0.003964590000000   0.002838790000000
   0.009976500000000   0.001259680000000   0.002054040000000   0.002032110000000
  -0.001770200000000  -0.007637500000000  -0.004109700000000  -0.009005200000000
   0.014484600000000   0.009085180000000   0.011255630000000   0.017266810000000
   0.020429660000000   0.022939480000000   0.030964260000000   0.014783110000000
  -0.037111900000000  -0.023176100000000  -0.031348300000000  -0.017636000000000
  -0.011452600000000   0.007969370000000   0.007305370000000   0.010798290000000
  -0.005054200000000   0.000759210000000  -0.003961900000000   0.001899820000000
   0.023387190000000   0.013827630000000   0.020029650000000   0.009760030000000
   0.006694210000000   0.004671680000000   0.004851000000000   0.002898240000000
   0.028734140000000   0.034242080000000   0.040944400000000   0.032693860000000
   0.012068860000000   0.006717310000000   0.012635100000000   0.003793150000000
   0.020722780000000   0.033899300000000   0.030175090000000   0.027416530000000
   0.002811370000000   0.002082750000000   0.002428170000000  -0.001626900000000
  -0.037786500000000  -0.023437100000000  -0.025329900000000  -0.017816900000000
   0.003591300000000  -0.008001700000000  -0.004886500000000  -0.006253400000000
   0.005988480000000   0.006684950000000   0.012010940000000   0.001055770000000
  -0.047824400000000  -0.037767400000000  -0.041490400000000  -0.029811000000000
  -0.000052400000000  -0.011974600000000  -0.015718700000000  -0.008493600000000
   0.027817890000000   0.021268500000000   0.022049340000000   0.021149090000000
  -0.015360000000000  -0.013646300000000  -0.013612500000000  -0.011984900000000
  -0.000306400000000   0.000044700000000  -0.001360400000000  -0.000761300000000
   0.004876550000000   0.003773410000000   0.004782830000000   0.003507640000000
   0.015598330000000   0.007631210000000   0.014401350000000   0.005348290000000
   0.022052320000000   0.023226260000000   0.020584000000000   0.028025630000000
   0.036847040000000   0.030456860000000   0.034301830000000   0.026680080000000
   0.013797710000000   0.015337440000000   0.014875930000000   0.013745990000000
  -0.029427600000000  -0.038610100000000  -0.036993100000000  -0.038357800000000
   0.005518830000000   0.002506100000000  -0.001342200000000   0.007985290000000
  -0.003498900000000  -0.002292600000000  -0.006067200000000  -0.002274500000000
   0.017112290000000   0.010998000000000   0.015702830000000   0.007146270000000
   0.018231770000000   0.015993190000000   0.019193490000000   0.014561360000000
   0.010812110000000   0.009334480000000   0.007995630000000   0.006412700000000
  -0.001479800000000  -0.005795200000000  -0.009353000000000  -0.006930900000000
   0.008297900000000   0.007688760000000   0.001143620000000   0.005379920000000
   0.019975480000000   0.032151130000000   0.025663020000000   0.030148890000000
  -0.019828800000000  -0.020791500000000  -0.022426400000000  -0.020242700000000
   0.007188700000000   0.005062180000000   0.007745300000000   0.005549020000000
   0.018417080000000   0.024718850000000   0.027177450000000   0.019273070000000
  -0.001820900000000  -0.001142300000000   0.002899830000000   0.006743160000000
   0.019388800000000   0.021170580000000   0.018318170000000   0.018724280000000
   0.011900130000000   0.004403830000000   0.009028390000000   0.002431310000000
   0.034962170000000   0.035406780000000   0.044751250000000   0.029757760000000
   0.010289100000000   0.016276390000000   0.018486630000000   0.011414980000000
   0.001204920000000  -0.004650400000000  -0.007308400000000  -0.002360000000000
  -0.000739300000000  -0.002110000000000  -0.001007900000000  -0.002410500000000
  -0.010053000000000  -0.009145700000000  -0.013029400000000  -0.009093500000000
   0.017422740000000   0.017217320000000   0.012363480000000   0.018619670000000
  -0.039205600000000  -0.037450600000000  -0.037430500000000  -0.034448700000000
  -0.001573200000000  -0.007988700000000   0.000922860000000  -0.012718500000000
   0.000185980000000   0.008614300000000   0.001771710000000   0.010395660000000
   0.055764580000000   0.064621670000000   0.066853960000000   0.059358710000000
   0.002316540000000  -0.010457900000000  -0.008681500000000  -0.010574200000000
   0.018354730000000   0.011233150000000   0.020103550000000   0.005076270000000
  -0.029634500000000  -0.022953500000000  -0.022057100000000  -0.018268400000000
  -0.061594400000000  -0.050766900000000  -0.057915400000000  -0.039433700000000
  -0.005710700000000   0.001042100000000  -0.019389400000000   0.002686500000000
  -0.045519900000000  -0.046112800000000  -0.037910700000000  -0.046666200000000
   0.025472820000000   0.027830520000000   0.035444400000000   0.019399550000000
   0.029010270000000   0.019777800000000   0.025229630000000   0.015305710000000
   0.019804870000000   0.009868360000000   0.016002890000000   0.007784600000000
  -0.039132100000000  -0.046971500000000  -0.045661300000000  -0.048396600000000
  -0.029746500000000  -0.031754900000000  -0.035969100000000  -0.029712300000000
   0.006528460000000   0.025994400000000   0.016355730000000   0.029130460000000
   0.031662020000000   0.034229750000000   0.036581640000000   0.031826680000000
   0.008263760000000  -0.005506000000000   0.003563340000000  -0.005646600000000
   0.001112370000000   0.001880680000000   0.002857180000000  -0.001917800000000
   0.018289540000000   0.013016490000000   0.021754330000000   0.018018830000000
   0.035989660000000   0.026199410000000   0.039828490000000   0.019733050000000
   0.039341130000000   0.039341940000000   0.047222790000000   0.038899480000000
  -0.021098500000000  -0.007152500000000  -0.008624000000000  -0.004627000000000
   0.016701270000000   0.026900190000000   0.028653540000000   0.022521920000000
   0.019444220000000   0.024893450000000   0.024914170000000   0.024128920000000
   0.021893420000000   0.011922660000000   0.010263260000000   0.010503950000000
  -0.006317800000000  -0.005822600000000  -0.005067500000000  -0.007152900000000
   0.013073830000000   0.011234030000000   0.011421000000000   0.009990130000000
  -0.020822700000000  -0.001719800000000  -0.007104400000000  -0.004568800000000
   0.011292190000000   0.006300700000000   0.005415960000000   0.003737970000000
  -0.001091300000000   0.011122660000000   0.009368370000000   0.016356160000000
   0.001551040000000   0.017916470000000   0.017345130000000   0.017669150000000
   0.002759370000000  -0.000189300000000  -0.001960300000000  -0.004499800000000
   0.037508810000000   0.041269820000000   0.042135700000000   0.034547660000000
  -0.032834800000000  -0.023441400000000  -0.028543800000000  -0.019651400000000
   0.009974640000000   0.001208630000000   0.000004460000000  -0.002370400000000
   0.027283490000000   0.015963100000000   0.015431220000000   0.014105290000000
  -0.020424300000000  -0.022618400000000  -0.016314800000000  -0.024108300000000
   0.003742380000000  -0.005999000000000  -0.010283200000000  -0.006806300000000
   0.011936190000000   0.031285220000000   0.023896500000000   0.029563140000000
   0.028381900000000   0.035262040000000   0.022770120000000   0.032373230000000
  -0.004219500000000  -0.008611000000000  -0.011139600000000  -0.006623400000000
   0.004107730000000  -0.011561300000000  -0.014387900000000  -0.009540200000000
  -0.000991000000000  -0.003949600000000  -0.007643700000000  -0.000561900000000
   0.009120160000000  -0.004645200000000  -0.011978500000000  -0.000486000000000
   0.007585580000000  -0.008680600000000  -0.008885900000000  -0.006124500000000
  -0.023248300000000  -0.016752700000000  -0.015554200000000  -0.017777500000000
  -0.058903500000000  -0.050100500000000  -0.048045400000000  -0.046613400000000
   0.008035940000000  -0.016984600000000  -0.019507900000000  -0.015326500000000
   0.015599020000000   0.003421840000000   0.003549860000000   0.001373280000000
   0.015621950000000   0.021589760000000   0.017089620000000   0.019472080000000
   0.014776190000000   0.003488610000000   0.005028490000000   0.000916030000000
   0.026672720000000   0.009784730000000   0.020750840000000   0.005401880000000
   0.011712500000000   0.007445260000000   0.001227270000000   0.005180450000000
  -0.046886700000000  -0.042914500000000  -0.037194900000000  -0.038871900000000
  -0.035844400000000  -0.024164000000000  -0.017345200000000  -0.023081700000000
   0.024391580000000   0.026850430000000   0.017413080000000   0.020103380000000
  -0.013913200000000  -0.026206300000000  -0.022518700000000  -0.025691100000000
   0.039191910000000   0.039857080000000   0.033698990000000   0.035098490000000
   0.019784250000000   0.015140010000000   0.020572440000000   0.008537030000000
   0.006776440000000   0.015377880000000   0.012681510000000   0.018196020000000
   0.040713720000000   0.043992120000000   0.035453900000000   0.039314540000000
   0.019847270000000   0.002368170000000   0.004696250000000  -0.002632000000000
   0.026808710000000   0.018565120000000   0.015714260000000   0.012459730000000
   0.012399600000000  -0.021917500000000  -0.003707200000000  -0.024651400000000
   0.027426730000000   0.014523800000000   0.022603480000000   0.010472510000000
   0.000440760000000   0.005008450000000   0.006890980000000   0.004838120000000
   0.004073080000000  -0.001824700000000   0.003521370000000  -0.004406000000000
  -0.022165600000000  -0.044228400000000  -0.037213100000000  -0.037418500000000
  -0.023692400000000  -0.006067700000000   0.002165840000000  -0.007270200000000
  -0.008070700000000  -0.010670300000000   0.002525270000000  -0.016850200000000
   0.063899470000000   0.059780830000000   0.059623430000000   0.058712230000000
  -0.075312300000000  -0.077074000000000  -0.074938300000000  -0.065145100000000
   0.043473870000000   0.022174060000000   0.018242860000000   0.021933050000000
   0.054551630000000   0.036449780000000   0.045519220000000   0.030063200000000
   0.043132990000000   0.039320610000000   0.039643990000000   0.036183010000000
  -0.003834700000000   0.011420150000000   0.002766770000000   0.008372270000000
  -0.012615500000000  -0.011336900000000  -0.004473800000000  -0.016776400000000
   0.063573950000000   0.071212720000000   0.062985980000000   0.070195630000000
  -0.000817100000000   0.016859350000000   0.005673890000000   0.017308530000000
  -0.020932800000000  -0.024926500000000  -0.025070500000000  -0.024662500000000
   0.028759320000000   0.038363580000000   0.034156250000000   0.031098660000000
  -0.016770900000000  -0.015713600000000  -0.027179800000000  -0.007628900000000
  -0.000963700000000  -0.006101600000000  -0.002457100000000  -0.005231200000000
  -0.004356700000000  -0.020230800000000  -0.011972200000000  -0.019941100000000
   0.016722550000000   0.023506090000000   0.018959720000000   0.025149030000000
  -0.025634900000000  -0.028301200000000  -0.015817600000000  -0.029793400000000
   0.032864400000000   0.030444340000000   0.026891510000000   0.027737200000000
  -0.063548800000000  -0.073910200000000  -0.071351700000000  -0.065289000000000
  -0.010264900000000  -0.029412700000000  -0.026652700000000  -0.019348300000000
   0.006333360000000   0.000796050000000   0.007501220000000  -0.010744200000000
  -0.007477500000000  -0.025893000000000  -0.017549700000000  -0.032542700000000
   0.011113360000000  -0.008109900000000  -0.005789900000000  -0.007872800000000
   0.027145090000000   0.034035550000000   0.034315400000000   0.022210270000000
   0.003682540000000   0.006764920000000   0.006940840000000   0.010784910000000
  -0.051400400000000  -0.050052500000000  -0.038148500000000  -0.043406800000000
  -0.018771600000000  -0.010527600000000  -0.010368500000000  -0.011291300000000
  -0.031513500000000  -0.025954800000000  -0.015097600000000  -0.027501900000000
   0.010170880000000   0.040355380000000   0.028749510000000   0.035839620000000
  -0.062039000000000  -0.045284100000000  -0.056753200000000  -0.036326600000000
  -0.015704600000000  -0.013727800000000  -0.024304900000000  -0.008467000000000
  -0.029432000000000  -0.038581100000000  -0.036413200000000  -0.030882000000000
   0.001507890000000  -0.012408100000000  -0.005006100000000  -0.007341500000000
  -0.043835600000000  -0.052597000000000  -0.046290900000000  -0.053751900000000
   0.004406010000000   0.009012440000000   0.024429260000000  -0.001620500000000
   0.028357510000000   0.038827720000000   0.040584290000000   0.035752350000000
   0.003884150000000   0.007212050000000   0.003021450000000   0.006925740000000
  -0.066886100000000  -0.038854200000000  -0.056030900000000  -0.015728400000000
   0.035391270000000   0.062860590000000   0.043098850000000   0.074867380000000
   0.092695820000000   0.089308770000000   0.086213160000000   0.090342510000000
  -0.035727600000000  -0.017333200000000  -0.017668500000000  -0.017365600000000
  -0.021695200000000  -0.036397800000000  -0.028562500000000  -0.029417100000000
  -0.011930300000000  -0.037861600000000  -0.008901700000000  -0.045764500000000
   0.012726570000000   0.002756640000000   0.008517700000000   0.000331840000000
  -0.011598700000000  -0.033713600000000  -0.027146100000000  -0.033943900000000
   0.001841400000000   0.001882150000000   0.006145830000000   0.002318150000000
   0.003382900000000   0.005921710000000   0.002592300000000   0.001100440000000
  -0.043905700000000  -0.026410200000000  -0.036476800000000  -0.027167700000000
  -0.031171800000000  -0.030544200000000  -0.028418600000000  -0.033468500000000
   0.012472260000000   0.002308150000000   0.008067400000000   0.000324980000000
  -0.021670900000000  -0.017412400000000  -0.021987400000000  -0.012319100000000
  -0.020574300000000  -0.010342700000000  -0.014004800000000  -0.008747300000000
  -0.049703500000000  -0.035091200000000  -0.040669800000000  -0.030592100000000
   0.020919030000000   0.023594910000000   0.023664160000000   0.019897400000000
  -0.004451600000000   0.004539650000000  -0.001292500000000   0.003405590000000
  -0.018506200000000  -0.002679900000000  -0.007663000000000  -0.003380100000000
  -0.038623600000000  -0.029173200000000  -0.022326800000000  -0.026574700000000
  -0.003241500000000  -0.001822900000000  -0.004481900000000   0.003378580000000
  -0.026467100000000  -0.016107100000000  -0.017296500000000  -0.010953300000000
  -0.036491600000000  -0.035752800000000  -0.034356200000000  -0.036960800000000
   0.066884700000000   0.075616630000000   0.068846780000000   0.073500280000000
   0.013142100000000   0.015045750000000   0.016520320000000   0.010548210000000
  -0.050987600000000  -0.056397800000000  -0.049843200000000  -0.054825800000000
   0.000312310000000   0.001680590000000  -0.005479600000000   0.005536370000000
   0.010109900000000  -0.000474600000000   0.003510350000000  -0.003776100000000
   0.007519070000000   0.000208640000000   0.006913840000000  -0.004445800000000
  -0.009180100000000  -0.005162300000000   0.002768450000000  -0.005224000000000
  -0.051781300000000  -0.053357700000000  -0.058086600000000  -0.053462500000000
  -0.049365900000000  -0.048572200000000  -0.042564200000000  -0.045705700000000
  -0.003184600000000  -0.000459400000000  -0.001310700000000   0.003014530000000
   0.004524680000000   0.006861150000000  -0.003649700000000   0.010580270000000
  -0.027970900000000  -0.025592000000000  -0.032021700000000  -0.018772800000000
  -0.027956400000000  -0.024098300000000  -0.019144300000000  -0.021676500000000
   0.009288490000000   0.012603780000000   0.009100700000000   0.009359030000000
  -0.025783100000000  -0.027831600000000  -0.025588600000000  -0.021720700000000
  -0.003132900000000  -0.007340300000000  -0.007800100000000  -0.004796900000000
  -0.013304200000000  -0.018826200000000  -0.018443300000000  -0.018320400000000
   0.006272640000000   0.007338950000000   0.005124320000000   0.013144880000000
  -0.004391800000000  -0.012899600000000  -0.008312500000000  -0.015649500000000
   0.020629320000000   0.032094590000000   0.027485040000000   0.025206010000000
  -0.012065500000000  -0.007401500000000  -0.011903500000000  -0.002909900000000
   0.001756320000000  -0.002170000000000  -0.001997700000000  -0.005361300000000
   0.039013410000000   0.033388180000000   0.029046120000000   0.029453580000000
   0.021177490000000   0.035203590000000   0.031790950000000   0.034265640000000
  -0.005722000000000  -0.010077600000000  -0.003762100000000  -0.007824700000000
  -0.032039400000000  -0.038364400000000  -0.034331100000000  -0.026829600000000
  -0.030581600000000  -0.042172400000000  -0.041141100000000  -0.034932900000000
   0.013417510000000   0.007545530000000   0.002279240000000   0.007543340000000
  -0.016780200000000  -0.006826100000000  -0.014570300000000  -0.006566600000000
  -0.009740800000000  -0.013825900000000  -0.017216800000000  -0.015562800000000
   0.024723490000000   0.038297930000000   0.039905540000000   0.036827460000000
   0.018694080000000   0.006596850000000   0.004763960000000   0.008043060000000
   0.046568940000000   0.050115290000000   0.052049440000000   0.044864170000000
  -0.003466500000000  -0.006818800000000   0.000271290000000  -0.012521100000000
   0.046281690000000   0.022348060000000   0.025435210000000   0.019346070000000
   0.007881230000000   0.000463140000000   0.007138380000000   0.000045300000000

>> x1 = x(1:300,1:1);x2 = x(1:300,2:2);x3 = x(1:300,3:3);x4 = x(1:300,4:4)

x4 =

   0.019984260000000
  -0.011277300000000
   0.002306750000000
   0.012282980000000
   0.021949700000000
  -0.007283100000000
   0.005370340000000
   0.016987120000000
   0.006794700000000
   0.005814310000000
   0.046789190000000
   0.011577010000000
   0.005968470000000
  -0.069827400000000
  -0.029521200000000
  -0.007169500000000
   0.017609320000000
  -0.026275700000000
   0.010970520000000
   0.016753480000000
   0.044239780000000
  -0.043999300000000
   0.013923920000000
  -0.059616100000000
  -0.030253500000000
   0.008904190000000
  -0.047680100000000
   0.004595920000000
  -0.003357700000000
  -0.028909300000000
  -0.021274700000000
  -0.012446600000000
   0.002552630000000
   0.014700650000000
   0.026881660000000
   0.016736910000000
  -0.051299900000000
   0.000919460000000
   0.018394100000000
   0.013165210000000
   0.009621050000000
   0.025627260000000
  -0.016577200000000
   0.023908240000000
   0.001882800000000
  -0.001509700000000
   0.013701500000000
   0.020753360000000
  -0.010774200000000
  -0.002921300000000
   0.013627320000000
  -0.002813500000000
  -0.011335600000000
   0.011685230000000
   0.009146830000000
   0.017171340000000
   0.016352240000000
  -0.005375200000000
   0.015956920000000
   0.001079740000000
   0.000940600000000
   0.010180660000000
  -0.001243700000000
   0.005473640000000
   0.009273940000000
   0.015459290000000
   0.012208940000000
  -0.004862000000000
   0.016551050000000
  -0.019332600000000
  -0.006744400000000
   0.010121180000000
   0.007037170000000
   0.005233400000000
  -0.004836000000000
  -0.004093200000000
   0.019732090000000
   0.001109160000000
   0.033005060000000
   0.016987830000000
  -0.008244600000000
   0.004766110000000
  -0.004999800000000
  -0.015503800000000
  -0.009485600000000
   0.008969070000000
   0.002838790000000
   0.002032110000000
  -0.009005200000000
   0.017266810000000
   0.014783110000000
  -0.017636000000000
   0.010798290000000
   0.001899820000000
   0.009760030000000
   0.002898240000000
   0.032693860000000
   0.003793150000000
   0.027416530000000
  -0.001626900000000
  -0.017816900000000
  -0.006253400000000
   0.001055770000000
  -0.029811000000000
  -0.008493600000000
   0.021149090000000
  -0.011984900000000
  -0.000761300000000
   0.003507640000000
   0.005348290000000
   0.028025630000000
   0.026680080000000
   0.013745990000000
  -0.038357800000000
   0.007985290000000
  -0.002274500000000
   0.007146270000000
   0.014561360000000
   0.006412700000000
  -0.006930900000000
   0.005379920000000
   0.030148890000000
  -0.020242700000000
   0.005549020000000
   0.019273070000000
   0.006743160000000
   0.018724280000000
   0.002431310000000
   0.029757760000000
   0.011414980000000
  -0.002360000000000
  -0.002410500000000
  -0.009093500000000
   0.018619670000000
  -0.034448700000000
  -0.012718500000000
   0.010395660000000
   0.059358710000000
  -0.010574200000000
   0.005076270000000
  -0.018268400000000
  -0.039433700000000
   0.002686500000000
  -0.046666200000000
   0.019399550000000
   0.015305710000000
   0.007784600000000
  -0.048396600000000
  -0.029712300000000
   0.029130460000000
   0.031826680000000
  -0.005646600000000
  -0.001917800000000
   0.018018830000000
   0.019733050000000
   0.038899480000000
  -0.004627000000000
   0.022521920000000
   0.024128920000000
   0.010503950000000
  -0.007152900000000
   0.009990130000000
  -0.004568800000000
   0.003737970000000
   0.016356160000000
   0.017669150000000
  -0.004499800000000
   0.034547660000000
  -0.019651400000000
  -0.002370400000000
   0.014105290000000
  -0.024108300000000
  -0.006806300000000
   0.029563140000000
   0.032373230000000
  -0.006623400000000
  -0.009540200000000
  -0.000561900000000
  -0.000486000000000
  -0.006124500000000
  -0.017777500000000
  -0.046613400000000
  -0.015326500000000
   0.001373280000000
   0.019472080000000
   0.000916030000000
   0.005401880000000
   0.005180450000000
  -0.038871900000000
  -0.023081700000000
   0.020103380000000
  -0.025691100000000
   0.035098490000000
   0.008537030000000
   0.018196020000000
   0.039314540000000
  -0.002632000000000
   0.012459730000000
  -0.024651400000000
   0.010472510000000
   0.004838120000000
  -0.004406000000000
  -0.037418500000000
  -0.007270200000000
  -0.016850200000000
   0.058712230000000
  -0.065145100000000
   0.021933050000000
   0.030063200000000
   0.036183010000000
   0.008372270000000
  -0.016776400000000
   0.070195630000000
   0.017308530000000
  -0.024662500000000
   0.031098660000000
  -0.007628900000000
  -0.005231200000000
  -0.019941100000000
   0.025149030000000
  -0.029793400000000
   0.027737200000000
  -0.065289000000000
  -0.019348300000000
  -0.010744200000000
  -0.032542700000000
  -0.007872800000000
   0.022210270000000
   0.010784910000000
  -0.043406800000000
  -0.011291300000000
  -0.027501900000000
   0.035839620000000
  -0.036326600000000
  -0.008467000000000
  -0.030882000000000
  -0.007341500000000
  -0.053751900000000
  -0.001620500000000
   0.035752350000000
   0.006925740000000
  -0.015728400000000
   0.074867380000000
   0.090342510000000
  -0.017365600000000
  -0.029417100000000
  -0.045764500000000
   0.000331840000000
  -0.033943900000000
   0.002318150000000
   0.001100440000000
  -0.027167700000000
  -0.033468500000000
   0.000324980000000
  -0.012319100000000
  -0.008747300000000
  -0.030592100000000
   0.019897400000000
   0.003405590000000
  -0.003380100000000
  -0.026574700000000
   0.003378580000000
  -0.010953300000000
  -0.036960800000000
   0.073500280000000
   0.010548210000000
  -0.054825800000000
   0.005536370000000
  -0.003776100000000
  -0.004445800000000
  -0.005224000000000
  -0.053462500000000
  -0.045705700000000
   0.003014530000000
   0.010580270000000
  -0.018772800000000
  -0.021676500000000
   0.009359030000000
  -0.021720700000000
  -0.004796900000000
  -0.018320400000000
   0.013144880000000
  -0.015649500000000
   0.025206010000000
  -0.002909900000000
  -0.005361300000000
   0.029453580000000
   0.034265640000000
  -0.007824700000000
  -0.026829600000000
  -0.034932900000000
   0.007543340000000
  -0.006566600000000
  -0.015562800000000
   0.036827460000000
   0.008043060000000
   0.044864170000000
  -0.012521100000000
   0.019346070000000
   0.000045300000000

>> x5=[1:300]'

x5 =

     1
     2
     3
     4
     5
     6
     7
     8
     9
    10
    11
    12
    13
    14
    15
    16
    17
    18
    19
    20
    21
    22
    23
    24
    25
    26
    27
    28
    29
    30
    31
    32
    33
    34
    35
    36
    37
    38
    39
    40
    41
    42
    43
    44
    45
    46
    47
    48
    49
    50
    51
    52
    53
    54
    55
    56
    57
    58
    59
    60
    61
    62
    63
    64
    65
    66
    67
    68
    69
    70
    71
    72
    73
    74
    75
    76
    77
    78
    79
    80
    81
    82
    83
    84
    85
    86
    87
    88
    89
    90
    91
    92
    93
    94
    95
    96
    97
    98
    99
   100
   101
   102
   103
   104
   105
   106
   107
   108
   109
   110
   111
   112
   113
   114
   115
   116
   117
   118
   119
   120
   121
   122
   123
   124
   125
   126
   127
   128
   129
   130
   131
   132
   133
   134
   135
   136
   137
   138
   139
   140
   141
   142
   143
   144
   145
   146
   147
   148
   149
   150
   151
   152
   153
   154
   155
   156
   157
   158
   159
   160
   161
   162
   163
   164
   165
   166
   167
   168
   169
   170
   171
   172
   173
   174
   175
   176
   177
   178
   179
   180
   181
   182
   183
   184
   185
   186
   187
   188
   189
   190
   191
   192
   193
   194
   195
   196
   197
   198
   199
   200
   201
   202
   203
   204
   205
   206
   207
   208
   209
   210
   211
   212
   213
   214
   215
   216
   217
   218
   219
   220
   221
   222
   223
   224
   225
   226
   227
   228
   229
   230
   231
   232
   233
   234
   235
   236
   237
   238
   239
   240
   241
   242
   243
   244
   245
   246
   247
   248
   249
   250
   251
   252
   253
   254
   255
   256
   257
   258
   259
   260
   261
   262
   263
   264
   265
   266
   267
   268
   269
   270
   271
   272
   273
   274
   275
   276
   277
   278
   279
   280
   281
   282
   283
   284
   285
   286
   287
   288
   289
   290
   291
   292
   293
   294
   295
   296
   297
   298
   299
   300

>> scatter3(x1,x2,x3,15,x5)
>> scatter3(x1,x2,x3,15,x5,'filled')
>> scatter3(x1,x2,x3,25,x5,'filled')
>> scatter3(x1,x2,x3,25,x5,'filled')
>> figure(1); clf
for l=1:300
    scatter3(x1(l,1),x2(l,1),x3(l,1),20,x5(l,1),'filled')
    hold on
    pause(0.5)
end
>> figure(1); clf
for l=1:300
    scatter3(x1(l,1),x2(l,1),x3(l,1),30,x5(l,1),'filled')
    hold on
    pause(0.5)
end
>> figure(1); clf
for l=1:300
    scatter3(x1(l,1),x2(l,1),x3(l,1),30,x5(l,1),'filled')
    hold on
    pause(0.5)
end

>> figure(1); clf
for l=1:300
    scatter3(x1(l,1),x2(l,1),x3(l,1),30,x5(l,1),'filled')
    hold on
    pause(0.3)
end
>> figure(1); clf
for l=1:300
    scatter3(x1(l,1),x2(l,1),x3(l,1),30,x5(l,1),'filled')
    hold on
    pause(0.3)
end
>> figure(1); clf
for l=1:300
    scatter3(x1(l,1),x2(l,1),x3(l,1),30,x5(l,1),'filled')
    hold on
    pause(0.3)
end
>> 
